0_1.jpg_garo 1 1 1 1 1 2 2 2 2 2 2 2 3 2 3 2 2 2 2 2 2 2 2 2 2 2 2 2 2 2 2 2 2 2 2 2 2 2 2 2 2 2 2 2 2 2 2 2 2 2 2 2 2 2 2 2 1 1 1 1 
0_1.jpg_garo_final 1 2 1 
0_1.jpg_garo_fillzero 0 0 0 1 2 1 0 0 0 
0_1.jpg_sero 1 1 2 2 2 2 2 3 2 2 2 2 2 2 2 2 2 2 2 2 2 2 2 2 2 2 2 2 1 1 
0_1.jpg_sero_final 1 2 1 
0_1.jpg_sero_fillzero 0 0 0 1 2 1 0 0 0 
0_1.jpg_answer 0 7 /2 5 //6 9 //4 /1 ////8 ///3 ///////
0_2.jpg_garo 2 1 1 1 1 2 2 2 2 2 2 2 2 2 2 2 2 2 2 2 2 2 2 2 2 2 2 2 2 2 2 2 2 2 2 2 2 2 2 2 2 2 2 2 2 2 2 2 2 2 2 2 2 2 2 2 1 1 1 1 
0_2.jpg_garo_final 1 2 1 
0_2.jpg_garo_fillzero 0 0 0 1 2 1 0 0 0 
0_2.jpg_sero 1 1 1 2 2 2 2 2 2 2 2 2 2 2 2 2 2 2 2 2 2 2 2 2 2 2 2 2 1 1 
0_2.jpg_sero_final 1 2 1 
0_2.jpg_sero_fillzero 0 0 0 1 2 1 0 0 0 
0_2.jpg_answer 0 7 /2 5 //6 9 //4 /1 ////8 ///3 ///////
0_3.jpg_garo 1 1 1 2 2 2 2 2 2 2 2 2 2 2 2 2 2 2 2 2 2 2 2 2 2 2 2 2 2 3 2 2 2 2 2 2 2 2 2 2 2 2 2 2 2 2 2 2 2 2 2 2 2 2 2 2 2 1 1 1 
0_3.jpg_garo_final 1 2 1 
0_3.jpg_garo_fillzero 0 0 0 1 2 1 0 0 0 
0_3.jpg_sero 1 1 1 1 1 2 4 3 3 3 2 2 2 2 2 2 2 2 2 2 2 2 2 2 2 1 1 1 1 1 
0_3.jpg_sero_final 1 2 1 
0_3.jpg_sero_fillzero 0 0 0 1 2 1 0 0 0 
0_3.jpg_answer 0 7 /2 5 //6 9 //4 /1 ////8 ///3 ///////
0_4.jpg_garo 1 1 1 1 2 2 2 2 2 2 2 2 2 2 2 2 2 2 2 2 2 2 2 2 2 2 2 2 2 2 2 2 2 2 2 2 2 2 2 2 2 2 2 2 2 2 2 2 2 2 2 2 2 2 2 2 2 1 1 1 
0_4.jpg_garo_final 1 2 1 
0_4.jpg_garo_fillzero 0 0 0 1 2 1 0 0 0 
0_4.jpg_sero 1 1 1 1 2 3 3 3 2 2 2 2 2 2 2 2 2 2 2 2 2 2 2 2 2 1 1 1 1 1 
0_4.jpg_sero_final 1 2 1 
0_4.jpg_sero_fillzero 0 0 0 1 2 1 0 0 0 
0_4.jpg_answer 0 7 /2 5 //6 9 //4 /1 ////8 ///3 ///////
0_5.jpg_garo 1 1 1 1 2 2 2 2 2 2 2 2 2 2 2 2 2 2 2 2 2 2 2 2 2 2 2 2 2 2 2 2 2 2 2 2 2 2 2 2 2 2 2 2 2 2 2 2 2 2 2 2 2 2 2 2 2 1 1 1 
0_5.jpg_garo_final 1 2 1 
0_5.jpg_garo_fillzero 0 0 0 1 2 1 0 0 0 
0_5.jpg_sero 1 1 1 1 2 2 2 2 2 2 2 2 2 2 2 2 2 3 3 2 2 2 2 2 2 1 1 1 1 1 
0_5.jpg_sero_final 1 2 1 
0_5.jpg_sero_fillzero 0 0 0 1 2 1 0 0 0 
0_5.jpg_answer 0 7 /2 5 //6 9 //4 /1 ////8 ///3 ///////
0_6.jpg_garo 1 1 1 1 2 2 1 1 2 2 2 2 2 2 2 2 2 2 2 2 2 2 2 2 2 2 2 2 2 2 2 2 2 2 2 2 2 2 2 2 2 2 2 2 2 2 2 2 2 2 2 2 2 2 2 2 2 1 1 1 
0_6.jpg_garo_final 1 2 1 
0_6.jpg_garo_fillzero 0 0 0 1 2 1 0 0 0 
0_6.jpg_sero 1 1 1 2 2 2 2 2 3 3 2 2 2 2 2 2 2 2 2 2 2 2 2 2 2 2 2 1 1 1 
0_6.jpg_sero_final 1 2 1 
0_6.jpg_sero_fillzero 0 0 0 1 2 1 0 0 0 
0_6.jpg_answer 0 7 /2 5 //6 9 //4 /1 ////8 ///3 ///////
0_7.jpg_garo 1 1 1 1 2 2 2 2 2 2 2 2 2 2 2 2 2 2 2 2 2 2 2 2 2 2 2 2 2 2 2 2 2 2 2 2 2 2 2 2 2 2 2 2 2 3 3 3 3 2 2 2 2 1 1 1 1 1 1 1 
0_7.jpg_garo_final 1 2 3 2 1 
0_7.jpg_garo_fillzero 0 0 1 2 3 2 1 0 0 
0_7.jpg_sero 1 1 1 2 2 2 2 2 2 2 2 2 2 2 2 2 2 2 2 2 2 2 2 2 2 2 2 4 1 1 
0_7.jpg_sero_final 1 2 1 
0_7.jpg_sero_fillzero 0 0 0 1 2 1 0 0 0 
0_7.jpg_answer 0 7 /2 5 /8 /6 9 //3 4 /1 /////////
0_8.jpg_garo 1 1 1 1 2 2 2 2 2 2 2 2 2 2 2 2 2 2 2 2 2 2 2 2 2 2 2 2 2 2 2 2 2 2 2 2 2 2 2 2 2 3 3 3 3 3 3 3 3 2 2 1 1 1 2 2 1 1 1 1 
0_8.jpg_garo_final 1 2 3 1 
0_8.jpg_garo_fillzero 0 0 1 2 3 1 0 0 0 
0_8.jpg_sero 1 1 2 2 2 2 2 2 2 2 2 2 2 2 2 2 2 2 3 4 2 2 2 2 2 2 2 2 1 1 
0_8.jpg_sero_final 1 2 1 
0_8.jpg_sero_fillzero 0 0 0 1 2 1 0 0 0 
0_8.jpg_answer 0 7 /2 5 //6 9 //4 /1 8 ///3 ////////
1_1.jpg_garo 1 1 1 1 1 1 1 1 1 1 1 1 1 1 1 1 1 1 1 1 1 1 1 1 1 1 1 1 1 1 1 1 1 1 1 1 1 1 1 1 1 1 1 1 1 1 1 1 1 1 1 1 1 1 1 1 1 1 1 1 
1_1.jpg_garo_final 1 
1_1.jpg_garo_fillzero 0 0 0 0 1 0 0 0 0 
1_1.jpg_sero 1 1 1 1 1 1 1 2 1 1 3 3 1 1 1 1 1 1 1 1 1 1 1 1 1 1 1 1 1 1 
1_1.jpg_sero_final 1 
1_1.jpg_sero_fillzero 0 0 0 0 1 0 0 0 0 
1_1.jpg_answer 1 //////0 7 /2 5 //4 6 9 /////8 ///3 ///
1_2.jpg_garo 1 1 1 1 1 1 1 1 1 1 1 1 1 1 1 1 1 1 1 1 1 1 1 1 1 1 1 1 1 1 1 1 1 1 1 1 1 1 1 1 1 1 1 1 1 1 1 1 1 1 1 1 1 1 1 1 1 1 1 1 
1_2.jpg_garo_final 1 
1_2.jpg_garo_fillzero 0 0 0 0 1 0 0 0 0 
1_2.jpg_sero 1 1 1 1 1 1 1 1 1 1 1 1 1 1 1 1 1 1 1 1 1 1 1 1 1 1 1 1 1 1 
1_2.jpg_sero_final 1 
1_2.jpg_sero_fillzero 0 0 0 0 1 0 0 0 0 
1_2.jpg_answer 1 //////0 7 /2 5 //4 6 9 /////8 ///3 ///
1_3.jpg_garo 1 1 1 1 1 1 1 1 1 1 1 1 1 1 1 1 1 1 1 1 1 1 1 1 1 1 1 1 1 1 1 1 1 1 1 1 1 1 1 1 1 1 1 1 1 1 1 1 1 1 1 1 1 1 1 1 1 1 1 1 
1_3.jpg_garo_final 1 
1_3.jpg_garo_fillzero 0 0 0 0 1 0 0 0 0 
1_3.jpg_sero 1 1 1 1 1 1 1 1 1 1 1 1 1 1 1 1 1 1 1 1 1 1 1 1 1 1 1 1 1 1 
1_3.jpg_sero_final 1 
1_3.jpg_sero_fillzero 0 0 0 0 1 0 0 0 0 
1_3.jpg_answer 1 //////0 7 /2 5 //4 6 9 /////8 ///3 ///
1_4.jpg_garo 1 1 1 1 1 1 1 1 1 1 1 1 1 1 1 1 1 1 1 1 1 1 1 1 1 1 1 1 1 1 1 1 1 1 1 1 1 1 1 1 1 1 1 1 1 1 1 1 1 1 1 1 1 1 1 1 1 1 1 1 
1_4.jpg_garo_final 1 
1_4.jpg_garo_fillzero 0 0 0 0 1 0 0 0 0 
1_4.jpg_sero 1 1 1 1 1 1 1 1 1 1 1 1 1 1 1 1 1 1 1 1 1 2 2 1 1 1 1 1 1 1 
1_4.jpg_sero_final 1 
1_4.jpg_sero_fillzero 0 0 0 0 1 0 0 0 0 
1_4.jpg_answer 1 //////0 7 /2 5 //4 6 9 /////8 ///3 ///
1_5.jpg_garo 1 1 1 1 1 1 1 1 1 1 1 1 1 1 1 1 1 1 1 1 1 1 1 1 1 1 1 1 1 1 1 1 1 1 1 1 1 1 1 1 1 1 1 1 1 1 1 1 1 1 1 1 1 1 1 1 1 1 1 1 
1_5.jpg_garo_final 1 
1_5.jpg_garo_fillzero 0 0 0 0 1 0 0 0 0 
1_5.jpg_sero 1 1 1 1 1 1 1 1 1 1 1 1 1 1 1 1 1 2 1 1 1 1 1 1 1 1 1 1 1 1 
1_5.jpg_sero_final 1 
1_5.jpg_sero_fillzero 0 0 0 0 1 0 0 0 0 
1_5.jpg_answer 1 //////0 7 /2 5 //4 6 9 /////8 ///3 ///
1_6.jpg_garo 1 1 1 1 1 1 1 1 1 1 1 1 1 1 1 1 1 1 1 1 1 1 1 1 1 1 1 1 1 1 1 1 1 1 1 1 1 1 1 1 1 1 1 1 1 1 1 1 1 1 1 1 1 1 1 1 1 1 1 1 
1_6.jpg_garo_final 1 
1_6.jpg_garo_fillzero 0 0 0 0 1 0 0 0 0 
1_6.jpg_sero 1 1 1 1 1 1 1 1 1 1 1 1 1 1 1 1 1 1 1 1 1 2 2 1 1 1 1 1 1 1 
1_6.jpg_sero_final 1 
1_6.jpg_sero_fillzero 0 0 0 0 1 0 0 0 0 
1_6.jpg_answer 1 //////0 7 /2 5 //4 6 9 /////8 ///3 ///
2_1.jpg_garo 1 1 1 1 2 2 1 1 1 1 1 1 1 1 1 1 1 1 1 1 1 1 1 1 1 1 1 1 1 1 1 1 1 1 1 1 1 1 1 1 1 1 1 1 1 1 1 1 1 1 1 1 1 1 1 1 1 1 1 1 
2_1.jpg_garo_final 1 
2_1.jpg_garo_fillzero 0 0 0 0 1 0 0 0 0 
2_1.jpg_sero 1 1 1 1 1 2 2 2 2 2 2 2 2 2 3 3 3 3 3 3 3 3 3 2 2 2 1 1 1 1 
2_1.jpg_sero_final 1 2 3 1 
2_1.jpg_sero_fillzero 0 0 1 2 3 1 0 0 0 
2_1.jpg_answer 9 //2 5 /0 1 7 /4 6 ////3 /8 ////////
2_2.jpg_garo 1 1 1 1 2 2 1 1 1 1 1 1 1 1 1 1 1 1 1 1 1 1 1 1 1 1 1 1 1 1 1 1 1 1 1 1 1 1 1 1 1 1 1 1 1 1 1 1 1 1 1 1 1 1 1 1 1 1 1 1 
2_2.jpg_garo_final 1 
2_2.jpg_garo_fillzero 0 0 0 0 1 0 0 0 0 
2_2.jpg_sero 2 2 2 2 2 3 3 3 3 3 3 3 3 3 3 3 3 3 2 2 2 2 1 1 1 1 1 1 1 1 
2_2.jpg_sero_final 1 3 2 1 
2_2.jpg_sero_fillzero 0 0 0 1 3 2 1 0 0 
2_2.jpg_answer 6 //2 5 /0 1 7 /4 9 /8 ///3 /////////
2_3.jpg_garo 1 1 1 1 1 2 2 2 2 2 2 2 2 2 2 2 2 2 2 2 1 1 1 1 1 1 1 1 1 1 1 1 1 1 1 1 1 1 1 1 1 1 1 1 1 1 1 1 1 1 1 1 1 1 1 1 1 1 1 2 
2_3.jpg_garo_final 1 2 1 
2_3.jpg_garo_fillzero 0 0 0 1 2 1 0 0 0 
2_3.jpg_sero 1 1 1 1 1 1 1 1 2 2 2 3 3 3 3 3 3 3 3 3 3 2 2 2 2 1 1 1 1 1 
2_3.jpg_sero_final 1 3 2 1 
2_3.jpg_sero_fillzero 0 0 0 1 3 2 1 0 0 
2_3.jpg_answer 6 //2 5 /0 7 /4 9 ///8 //1 /3 //////////
2_4.jpg_garo 1 1 1 1 1 1 2 2 2 2 2 2 2 2 2 1 1 1 1 1 1 1 1 1 1 1 1 1 1 1 1 1 1 1 1 1 1 1 1 1 1 1 1 1 1 1 1 1 1 2 1 1 1 1 1 2 2 2 2 1 
2_4.jpg_garo_final 1 2 1 2 1 
2_4.jpg_garo_fillzero 0 0 1 2 1 2 1 0 0 
2_4.jpg_sero 1 1 1 1 1 1 2 2 2 3 3 3 3 3 2 2 2 1 1 1 1 1 1 1 1 1 1 1 1 1 
2_4.jpg_sero_final 1 3 1 
2_4.jpg_sero_fillzero 0 0 0 1 3 1 0 0 0 
2_4.jpg_answer 8 /2 5 /0 7 /3 6 9 ///1 /4 /////////
2_5.jpg_garo 1 1 1 1 2 2 2 2 2 2 2 2 2 2 2 2 2 2 2 2 2 2 2 2 2 1 1 1 1 1 1 1 1 1 1 1 1 1 1 1 1 1 1 1 1 1 1 1 1 1 1 1 1 1 1 1 1 1 1 2 
2_5.jpg_garo_final 1 2 1 
2_5.jpg_garo_fillzero 0 0 0 1 2 1 0 0 0 
2_5.jpg_sero 1 1 2 2 2 2 2 2 2 2 2 2 2 2 3 3 3 3 3 3 3 3 3 2 2 2 2 1 1 1 
2_5.jpg_sero_final 1 2 3 2 1 
2_5.jpg_sero_fillzero 0 0 1 2 3 2 1 0 0 
2_5.jpg_answer 4 6 9 //2 5 /0 7 ///3 /8 //1 /////////
2_6.jpg_garo 1 1 1 1 1 1 2 2 2 2 2 2 2 2 2 2 2 2 2 2 2 2 2 2 2 2 2 2 2 1 1 1 1 1 1 1 1 1 1 1 1 1 1 1 1 1 1 1 1 1 1 1 1 1 1 1 1 1 1 2 
2_6.jpg_garo_final 1 2 1 
2_6.jpg_garo_fillzero 0 0 0 1 2 1 0 0 0 
2_6.jpg_sero 1 1 2 2 2 2 2 2 2 2 2 3 2 2 1 1 1 1 1 1 1 1 1 1 1 1 1 1 1 1 
2_6.jpg_sero_final 1 2 1 
2_6.jpg_sero_fillzero 0 0 0 1 2 1 0 0 0 
2_6.jpg_answer 0 7 /2 5 //6 9 //4 /1 ////8 ///3 ///////
3_1.jpg_garo 1 1 1 1 1 2 2 2 2 2 1 1 1 1 1 1 1 1 1 1 1 1 1 1 1 1 1 1 1 1 2 2 2 2 1 1 1 1 1 1 1 1 1 1 1 1 1 1 1 1 1 1 1 1 2 1 1 1 1 1 
3_1.jpg_garo_final 1 2 1 2 1 
3_1.jpg_garo_fillzero 0 0 1 2 1 2 1 0 0 
3_1.jpg_sero 1 1 1 2 2 2 2 3 3 3 3 3 3 3 3 3 3 3 3 3 4 4 4 4 4 3 3 2 2 1 
3_1.jpg_sero_final 1 2 3 4 1 
3_1.jpg_sero_fillzero 0 0 1 2 3 4 1 0 0 
3_1.jpg_answer 3 /8 /////4 6 9 //2 5 /0 7 ////1 ////
3_2.jpg_garo 1 1 1 1 1 2 2 2 2 2 1 1 1 1 1 1 1 1 1 1 1 1 2 2 2 2 2 2 1 1 1 1 1 1 1 1 1 1 1 1 1 1 1 1 1 1 1 1 1 1 1 1 1 2 2 1 1 1 1 1 
3_2.jpg_garo_final 1 2 1 2 1 
3_2.jpg_garo_fillzero 0 0 1 2 1 2 1 0 0 
3_2.jpg_sero 3 3 3 3 3 3 3 3 3 3 3 3 3 3 3 3 3 3 3 2 2 2 3 3 2 2 1 1 1 1 
3_2.jpg_sero_final 1 
3_2.jpg_sero_fillzero 0 0 0 0 1 0 0 0 0 
3_2.jpg_answer 1 //0 7 8 /2 5 //3 4 6 9 /////////
3_3.jpg_garo 1 1 1 1 2 2 2 2 2 2 2 2 1 1 1 1 1 1 1 1 1 1 1 1 1 1 1 1 1 1 1 1 1 1 1 1 1 1 1 1 1 1 1 1 1 1 1 1 1 1 1 1 2 2 2 2 1 1 1 1 
3_3.jpg_garo_final 1 2 1 2 1 
3_3.jpg_garo_fillzero 0 0 1 2 1 2 1 0 0 
3_3.jpg_sero 1 1 2 3 3 3 3 3 3 3 3 3 3 3 3 3 3 3 4 4 4 3 3 3 3 2 2 1 1 1 
3_3.jpg_sero_final 1 3 1 
3_3.jpg_sero_fillzero 0 0 0 1 3 1 0 0 0 
3_3.jpg_answer 8 /2 5 /0 7 /3 6 9 ///1 /4 /////////
3_4.jpg_garo 1 1 1 1 2 2 2 2 2 1 1 1 1 1 1 1 1 1 1 1 1 1 1 1 1 1 1 1 1 2 1 1 1 1 1 1 1 1 1 1 1 1 1 1 1 1 1 1 1 1 1 2 2 2 2 2 1 1 1 1 
3_4.jpg_garo_final 1 2 1 2 1 
3_4.jpg_garo_fillzero 0 0 1 2 1 2 1 0 0 
3_4.jpg_sero 1 1 1 1 1 1 2 2 2 3 3 3 3 3 3 3 3 3 3 3 4 4 4 4 3 3 2 2 2 1 
3_4.jpg_sero_final 1 3 4 1 
3_4.jpg_sero_fillzero 0 0 1 3 4 1 0 0 0 
3_4.jpg_answer 3 ///8 /9 //2 5 /0 7 /4 6 ///1 //////
3_5.jpg_garo 1 1 1 1 1 2 2 2 1 1 1 1 1 1 1 1 1 1 1 1 1 1 1 1 1 1 1 1 1 1 1 1 1 1 1 1 1 1 1 1 1 1 1 1 1 2 2 2 2 2 2 2 2 2 2 2 2 1 1 1 
3_5.jpg_garo_final 1 2 1 
3_5.jpg_garo_fillzero 0 0 0 1 2 1 0 0 0 
3_5.jpg_sero 1 1 1 1 1 1 2 2 1 1 1 1 1 2 2 3 3 3 3 3 3 4 4 4 3 3 3 2 1 1 
3_5.jpg_sero_final 1 3 1 
3_5.jpg_sero_fillzero 0 0 0 1 3 1 0 0 0 
3_5.jpg_answer 2 5 /0 7 /6 9 ////4 /1 //8 ///3 ////////
3_6.jpg_garo 1 1 1 1 1 2 2 1 1 1 1 1 1 1 1 1 1 1 1 1 1 1 1 1 1 1 1 1 1 1 1 1 1 1 1 1 1 1 1 1 1 1 1 2 2 2 2 2 2 2 2 2 2 2 2 2 1 1 1 1 
3_6.jpg_garo_final 1 2 1 
3_6.jpg_garo_fillzero 0 0 0 1 2 1 0 0 0 
3_6.jpg_sero 1 1 1 1 1 2 1 2 2 2 2 3 3 3 3 3 3 3 3 4 4 3 3 3 3 2 2 1 1 1 
3_6.jpg_sero_final 1 2 3 1 
3_6.jpg_sero_fillzero 0 0 1 2 3 1 0 0 0 
3_6.jpg_answer 9 //2 5 /0 7 /4 6 /////1 /3 /8 /////////
3_7.jpg_garo 1 1 1 2 2 2 2 2 2 2 2 1 1 1 1 1 1 1 1 1 1 1 1 1 1 1 1 1 2 2 1 1 1 1 1 1 1 1 1 1 1 1 1 1 1 2 2 2 2 2 2 2 2 2 2 2 2 1 1 1 
3_7.jpg_garo_final 1 2 1 2 1 
3_7.jpg_garo_fillzero 0 0 1 2 1 2 1 0 0 
3_7.jpg_sero 1 1 3 3 3 3 3 3 3 3 3 3 3 3 3 3 3 4 4 4 3 3 3 2 2 2 2 1 1 1 
3_7.jpg_sero_final 1 3 2 1 
3_7.jpg_sero_fillzero 0 0 0 1 3 2 1 0 0 
3_7.jpg_answer 8 ///3 6 //2 5 /0 7 /4 9 ///1 ////////
3_8.jpg_garo 1 1 1 1 2 2 2 2 1 1 1 1 1 1 1 1 1 1 1 1 1 1 1 1 1 1 1 1 1 1 1 1 1 1 1 1 1 1 1 1 1 1 1 1 1 1 1 1 1 1 1 1 2 2 2 2 2 1 1 1 
3_8.jpg_garo_final 1 2 1 2 1 
3_8.jpg_garo_fillzero 0 0 1 2 1 2 1 0 0 
3_8.jpg_sero 1 1 1 1 1 1 1 2 2 3 3 3 3 3 3 3 3 3 3 3 3 4 4 3 3 3 2 2 1 1 
3_8.jpg_sero_final 1 3 1 
3_8.jpg_sero_fillzero 0 0 0 1 3 1 0 0 0 
3_8.jpg_answer 8 /2 5 /0 7 /3 6 9 ///1 /4 /////////
4_1.jpg_garo 2 2 2 2 2 2 2 2 2 2 2 2 2 2 2 2 2 2 2 2 2 2 2 2 2 3 3 3 1 1 1 1 1 1 1 1 1 1 1 1 1 1 1 1 1 1 1 1 1 1 1 1 1 1 1 1 1 1 1 1 
4_1.jpg_garo_final 1 
4_1.jpg_garo_fillzero 0 0 0 0 1 0 0 0 0 
4_1.jpg_sero 1 1 1 3 3 3 2 2 2 2 2 2 1 1 1 1 1 1 2 2 2 2 2 1 1 1 1 1 1 1 
4_1.jpg_sero_final 1 2 1 2 1 
4_1.jpg_sero_fillzero 0 0 1 2 1 2 1 0 0 
4_1.jpg_answer 4 ///1 /6 9 /0 7 /2 5 //3 /8 ////////
4_2.jpg_garo 1 1 1 2 2 2 2 2 2 2 2 2 2 2 2 2 2 2 2 2 2 2 2 2 2 2 3 1 1 1 1 1 1 1 1 1 1 1 1 1 1 1 1 1 1 1 1 1 1 1 1 1 1 1 1 1 1 1 1 1 
4_2.jpg_garo_final 1 2 1 
4_2.jpg_garo_fillzero 0 0 0 1 2 1 0 0 0 
4_2.jpg_sero 1 1 1 2 2 2 2 2 2 1 1 1 1 1 1 1 1 2 2 2 2 1 1 1 1 1 2 2 2 1 
4_2.jpg_sero_final 1 2 1 2 1 
4_2.jpg_sero_fillzero 0 0 1 2 1 2 1 0 0 
4_2.jpg_answer 4 ////6 9 /0 7 /2 5 ///1 /3 /8 /////////
4_3.jpg_garo 1 1 1 1 1 1 1 1 1 2 2 2 2 2 2 2 2 2 2 2 2 1 1 1 1 2 1 1 1 1 1 1 1 1 1 1 1 1 1 1 1 1 1 1 1 1 1 1 1 1 1 1 1 1 1 1 1 1 1 1 
4_3.jpg_garo_final 1 2 1 
4_3.jpg_garo_fillzero 0 0 0 1 2 1 0 0 0 
4_3.jpg_sero 1 1 1 1 1 1 1 2 2 2 2 2 2 2 2 2 4 1 1 1 1 2 2 1 1 1 1 1 1 1 
4_3.jpg_sero_final 1 2 1 
4_3.jpg_sero_fillzero 0 0 0 1 2 1 0 0 0 
4_3.jpg_answer 0 7 /2 5 //6 9 //4 /1 ////8 ///3 ///////
4_4.jpg_garo 2 2 2 2 2 2 2 2 2 2 2 2 2 2 2 2 2 3 3 2 2 2 2 1 1 2 2 2 1 1 1 1 1 1 1 1 1 1 1 1 1 1 1 1 1 1 1 1 1 1 1 1 1 1 1 1 1 1 1 1 
4_4.jpg_garo_final 1 2 1 
4_4.jpg_garo_fillzero 0 0 0 1 2 1 0 0 0 
4_4.jpg_sero 1 1 1 1 1 2 2 2 2 2 2 2 1 1 1 1 1 4 2 1 1 1 1 1 1 1 1 1 1 1 
4_4.jpg_sero_final 1 2 1 
4_4.jpg_sero_fillzero 0 0 0 1 2 1 0 0 0 
4_4.jpg_answer 0 7 /2 5 //6 9 //4 /1 ////8 ///3 ///////
4_5.jpg_garo 1 2 2 2 2 2 2 2 2 2 2 2 2 2 2 2 2 2 2 2 2 3 3 3 2 2 2 2 1 2 2 2 2 2 1 1 1 1 1 1 1 1 1 1 1 1 1 1 1 1 1 1 1 1 2 1 1 1 1 1 
4_5.jpg_garo_final 1 2 1 
4_5.jpg_garo_fillzero 0 0 0 1 2 1 0 0 0 
4_5.jpg_sero 1 1 1 1 1 2 2 2 2 2 2 1 1 1 1 1 1 1 3 2 2 2 2 2 1 1 1 1 1 1 
4_5.jpg_sero_final 1 2 1 2 1 
4_5.jpg_sero_fillzero 0 0 1 2 1 2 1 0 0 
4_5.jpg_answer 4 ////6 9 /0 7 /2 5 ///1 /3 /8 /////////
4_6.jpg_garo 2 2 2 2 2 2 2 2 2 2 2 2 2 2 2 2 2 3 3 2 2 2 2 1 1 2 2 2 1 1 1 1 1 1 1 1 1 1 1 1 1 1 1 1 1 1 1 1 1 1 1 1 1 1 1 1 1 1 1 1 
4_6.jpg_garo_final 1 2 1 
4_6.jpg_garo_fillzero 0 0 0 1 2 1 0 0 0 
4_6.jpg_sero 1 1 1 1 1 2 2 2 2 2 2 2 1 1 1 1 1 4 2 1 1 1 1 1 1 1 1 1 1 1 
4_6.jpg_sero_final 1 2 1 
4_6.jpg_sero_fillzero 0 0 0 1 2 1 0 0 0 
4_6.jpg_answer 0 7 /2 5 //6 9 //4 /1 ////8 ///3 ///////
4_7.jpg_garo 2 2 2 2 2 2 2 2 2 2 2 2 2 2 2 2 2 2 2 2 2 2 2 2 2 2 2 2 2 1 1 1 2 2 2 1 1 1 1 1 1 1 1 1 1 1 1 1 1 1 1 1 1 1 1 1 1 1 1 1 
4_7.jpg_garo_final 1 
4_7.jpg_garo_fillzero 0 0 0 0 1 0 0 0 0 
4_7.jpg_sero 1 1 1 1 1 1 1 1 1 1 1 1 1 2 2 1 1 1 1 2 2 2 1 1 1 1 1 1 1 1 
4_7.jpg_sero_final 1 
4_7.jpg_sero_fillzero 0 0 0 0 1 0 0 0 0 
4_7.jpg_answer 1 //////0 7 /2 5 //4 6 9 /////8 ///3 ///
4_8.jpg_garo 1 2 2 2 2 2 2 2 2 2 2 2 2 2 2 2 2 2 2 2 2 2 2 2 2 2 2 2 2 2 2 2 2 2 1 1 3 3 2 2 1 1 1 1 1 1 1 1 1 1 1 1 1 1 1 1 1 1 1 1 
4_8.jpg_garo_final 1 
4_8.jpg_garo_fillzero 0 0 0 0 1 0 0 0 0 
4_8.jpg_sero 2 1 1 1 1 1 1 1 1 1 1 1 2 2 2 1 1 1 1 1 2 2 2 1 1 1 1 1 1 1 
4_8.jpg_sero_final 1 
4_8.jpg_sero_fillzero 0 0 0 0 1 0 0 0 0 
4_8.jpg_answer 1 //////0 7 /2 5 //4 6 9 /////8 ///3 ///
5_1.jpg_garo 1 1 1 1 1 2 1 1 1 1 1 1 1 1 1 1 1 1 1 1 1 1 1 1 2 2 2 1 1 2 2 2 2 1 1 1 1 1 1 1 1 1 1 1 1 1 1 1 1 1 2 2 2 2 2 1 1 1 1 1 
5_1.jpg_garo_final 1 2 1 2 1 
5_1.jpg_garo_fillzero 0 0 1 2 1 2 1 0 0 
5_1.jpg_sero 1 1 1 2 2 2 2 2 2 2 2 2 2 3 3 3 3 3 3 3 3 2 2 2 2 2 2 1 1 1 
5_1.jpg_sero_final 1 2 3 2 1 
5_1.jpg_sero_fillzero 0 0 1 2 3 2 1 0 0 
5_1.jpg_answer 3 /8 ///4 6 9 //2 5 /0 7 ////1 //////
5_2.jpg_garo 1 1 1 1 1 1 1 1 1 1 1 1 1 1 1 1 1 1 1 2 1 1 1 1 2 2 1 1 1 1 1 1 1 1 1 1 1 1 1 1 1 1 1 1 1 1 2 2 2 2 2 2 2 2 2 2 1 1 1 1 
5_2.jpg_garo_final 1 2 1 
5_2.jpg_garo_fillzero 0 0 0 1 2 1 0 0 0 
5_2.jpg_sero 1 1 1 2 2 2 2 2 2 3 3 3 3 3 3 3 3 3 3 3 3 3 3 3 3 2 2 1 1 1 
5_2.jpg_sero_final 1 2 3 1 
5_2.jpg_sero_fillzero 0 0 1 2 3 1 0 0 0 
5_2.jpg_answer 9 //2 5 /0 7 /4 6 /////1 /3 /8 /////////
5_3.jpg_garo 1 1 1 1 1 1 1 2 2 1 1 1 1 1 1 1 1 1 1 1 1 1 1 1 1 1 1 1 1 1 1 1 1 1 1 1 1 1 1 1 2 2 2 2 1 1 1 1 1 1 1 1 1 1 1 1 1 1 1 1 
5_3.jpg_garo_final 1 2 1 
5_3.jpg_garo_fillzero 0 0 0 1 2 1 0 0 0 
5_3.jpg_sero 1 2 2 2 1 2 2 3 3 3 3 3 3 3 3 3 2 2 2 2 2 1 1 1 1 1 1 1 1 1 
5_3.jpg_sero_final 1 3 2 1 
5_3.jpg_sero_fillzero 0 0 0 1 3 2 1 0 0 
5_3.jpg_answer 6 //2 5 /0 7 /4 9 ///8 //1 /3 //////////
5_4.jpg_garo 1 1 1 1 1 1 1 1 1 1 1 1 1 1 1 1 1 1 1 1 1 1 1 1 1 1 1 1 1 1 1 1 1 1 1 2 2 2 1 1 1 1 1 1 1 1 1 1 1 1 1 1 1 1 1 1 1 1 1 1 
5_4.jpg_garo_final 1 
5_4.jpg_garo_fillzero 0 0 0 0 1 0 0 0 0 
5_4.jpg_sero 1 2 1 1 2 2 3 3 3 3 3 3 3 2 2 2 2 2 1 1 1 1 1 1 1 1 1 1 1 1 
5_4.jpg_sero_final 1 3 2 1 
5_4.jpg_sero_fillzero 0 0 0 1 3 2 1 0 0 
5_4.jpg_answer 6 //2 5 /0 1 7 /4 9 /8 ///3 /////////
5_5.jpg_garo 1 1 2 2 2 2 2 2 2 2 2 1 1 1 1 1 1 1 1 1 1 1 1 1 1 1 1 1 1 1 1 1 1 1 1 1 1 1 2 2 2 2 1 2 2 2 2 1 1 1 1 1 1 1 2 2 1 1 1 1 
5_5.jpg_garo_final 1 2 1 2 1 
5_5.jpg_garo_fillzero 0 0 1 2 1 2 1 0 0 
5_5.jpg_sero 1 1 1 1 2 2 2 2 3 3 3 3 3 3 3 3 3 4 4 4 4 4 4 3 3 3 3 1 1 1 
5_5.jpg_sero_final 1 2 3 4 3 1 
5_5.jpg_sero_fillzero 0 1 2 3 4 3 1 0 0 
5_5.jpg_answer 3 ///8 ///////4 6 9 //2 5 /0 7 ////1 /
5_6.jpg_garo 1 1 1 1 2 1 1 1 1 1 1 1 1 1 1 1 1 1 1 1 1 1 1 1 1 1 1 1 1 1 1 1 1 2 2 2 2 2 3 3 3 3 3 2 2 2 2 2 1 1 1 1 1 1 1 1 1 1 1 1 
5_6.jpg_garo_final 1 2 3 2 1 
5_6.jpg_garo_fillzero 0 0 1 2 3 2 1 0 0 
5_6.jpg_sero 2 2 2 3 3 3 3 3 3 3 3 3 3 3 3 3 3 3 3 3 3 3 2 2 2 2 1 1 1 1 
5_6.jpg_sero_final 1 3 2 1 
5_6.jpg_sero_fillzero 0 0 0 1 3 2 1 0 0 
5_6.jpg_answer 8 /6 //2 3 5 /0 7 /4 9 /////1 //////
5_7.jpg_garo 1 1 2 2 1 1 2 1 1 1 1 1 1 1 1 1 1 1 1 1 1 1 1 2 1 1 1 1 1 1 1 1 1 1 1 1 1 1 1 2 2 2 2 2 2 2 2 2 2 2 2 2 2 2 2 2 2 1 1 1 
5_7.jpg_garo_final 1 2 1 
5_7.jpg_garo_fillzero 0 0 0 1 2 1 0 0 0 
5_7.jpg_sero 1 1 2 3 2 2 2 3 4 3 3 3 3 3 3 3 3 3 3 3 3 3 3 2 2 2 2 1 1 1 
5_7.jpg_sero_final 1 3 2 1 
5_7.jpg_sero_fillzero 0 0 0 1 3 2 1 0 0 
5_7.jpg_answer 6 //2 5 /0 7 /4 9 ///8 //1 /3 //////////
5_8.jpg_garo 1 1 3 1 1 1 1 2 2 2 1 1 1 1 1 1 1 1 1 1 1 1 1 1 2 2 1 1 2 2 2 2 1 1 1 1 1 1 1 1 1 1 1 1 1 1 1 1 1 2 2 2 2 2 2 2 2 1 1 1 
5_8.jpg_garo_final 1 2 1 2 1 
5_8.jpg_garo_fillzero 0 0 1 2 1 2 1 0 0 
5_8.jpg_sero 1 2 2 2 3 3 3 3 3 3 3 3 3 3 3 3 3 3 3 3 3 3 3 3 3 3 2 2 2 2 
5_8.jpg_sero_final 1 3 1 
5_8.jpg_sero_fillzero 0 0 0 1 3 1 0 0 0 
5_8.jpg_answer 8 /2 5 /0 7 /3 6 9 ///1 /4 /////////
6_1.jpg_garo 1 1 1 1 1 1 1 1 1 1 1 1 1 1 1 1 1 1 1 1 1 1 1 2 2 2 1 1 1 2 3 3 3 2 2 2 2 2 2 2 2 2 2 2 2 2 2 2 2 2 2 2 2 2 2 2 1 1 1 1 
6_1.jpg_garo_final 1 2 1 
6_1.jpg_garo_fillzero 0 0 0 1 2 1 0 0 0 
6_1.jpg_sero 1 1 1 1 2 2 2 2 3 3 3 3 3 3 3 3 3 3 3 3 3 2 2 2 2 2 2 1 1 1 
6_1.jpg_sero_final 1 2 3 2 1 
6_1.jpg_sero_fillzero 0 0 1 2 3 2 1 0 0 
6_1.jpg_answer 4 6 9 //2 5 /0 7 ///3 /8 //1 /////////
6_2.jpg_garo 1 1 1 1 1 1 1 1 1 1 1 1 1 1 1 1 1 1 1 1 1 2 1 1 1 1 1 2 2 2 2 2 2 2 2 2 2 2 2 2 2 2 2 2 2 2 2 2 2 2 2 2 2 2 2 1 1 1 1 1 
6_2.jpg_garo_final 1 2 1 
6_2.jpg_garo_fillzero 0 0 0 1 2 1 0 0 0 
6_2.jpg_sero 1 1 1 2 2 3 3 3 3 3 3 3 3 3 3 3 3 3 3 3 2 2 2 2 2 2 2 1 1 1 
6_2.jpg_sero_final 1 3 2 1 
6_2.jpg_sero_fillzero 0 0 0 1 3 2 1 0 0 
6_2.jpg_answer 6 //2 5 /0 7 /4 9 ///8 //1 /3 //////////
6_3.jpg_garo 1 1 1 1 1 2 1 1 1 1 1 1 1 1 1 1 1 1 1 1 1 1 1 1 1 1 1 1 1 1 2 2 2 2 2 2 2 2 2 2 2 2 2 2 2 2 2 2 2 2 2 2 2 2 1 1 1 1 1 1 
6_3.jpg_garo_final 1 2 1 
6_3.jpg_garo_fillzero 0 0 0 1 2 1 0 0 0 
6_3.jpg_sero 1 1 1 1 2 3 3 3 3 3 3 3 3 3 3 3 3 3 3 3 3 3 3 2 2 2 2 2 1 1 
6_3.jpg_sero_final 1 3 2 1 
6_3.jpg_sero_fillzero 0 0 0 1 3 2 1 0 0 
6_3.jpg_answer 6 //2 5 /0 7 /4 9 ///8 //1 /3 //////////
6_4.jpg_garo 1 1 1 1 1 2 1 1 1 1 1 1 1 1 1 1 1 1 1 1 1 1 1 1 1 1 1 1 1 1 1 1 1 2 2 1 1 1 1 2 2 2 2 2 2 2 2 2 2 2 2 2 2 2 2 1 1 1 1 1 
6_4.jpg_garo_final 1 2 1 
6_4.jpg_garo_fillzero 0 0 0 1 2 1 0 0 0 
6_4.jpg_sero 1 1 1 1 1 1 2 3 3 3 3 3 3 3 3 3 3 3 3 3 3 3 2 2 2 2 2 1 1 1 
6_4.jpg_sero_final 1 3 2 1 
6_4.jpg_sero_fillzero 0 0 0 1 3 2 1 0 0 
6_4.jpg_answer 6 //2 5 /0 7 /4 9 ///8 //1 /3 //////////
6_5.jpg_garo 1 1 1 1 1 1 1 1 1 1 1 1 1 1 1 1 1 1 1 1 1 1 1 1 1 1 1 1 1 1 1 1 1 1 1 1 1 1 1 2 2 2 2 2 2 2 2 2 2 2 2 2 2 2 2 2 1 1 1 1 
6_5.jpg_garo_final 1 2 1 
6_5.jpg_garo_fillzero 0 0 0 1 2 1 0 0 0 
6_5.jpg_sero 1 1 1 1 2 2 2 2 3 3 3 3 3 3 3 3 3 3 3 3 3 3 3 3 3 3 1 1 1 1 
6_5.jpg_sero_final 1 2 3 1 
6_5.jpg_sero_fillzero 0 0 1 2 3 1 0 0 0 
6_5.jpg_answer 9 //2 5 /0 7 /4 6 /////1 /3 /8 /////////
6_6.jpg_garo 1 1 1 1 1 1 1 1 1 1 1 1 1 1 1 1 1 1 1 1 1 1 1 1 1 1 1 1 1 1 1 1 1 1 1 1 1 1 1 1 1 2 2 2 2 2 2 2 2 2 2 2 2 2 2 2 2 1 1 1 
6_6.jpg_garo_final 1 2 1 
6_6.jpg_garo_fillzero 0 0 0 1 2 1 0 0 0 
6_6.jpg_sero 1 1 1 1 1 2 2 3 3 3 3 3 3 3 3 3 3 3 3 3 3 3 3 3 3 3 2 1 1 1 
6_6.jpg_sero_final 1 3 1 
6_6.jpg_sero_fillzero 0 0 0 1 3 1 0 0 0 
6_6.jpg_answer 2 5 /0 7 /6 9 ////4 /1 //8 ///3 ////////
6_7.jpg_garo 1 1 1 1 1 1 1 1 1 1 1 1 1 1 1 1 1 1 1 1 1 1 1 1 1 1 1 1 1 1 1 1 1 1 1 2 1 1 1 2 2 2 2 2 2 2 2 2 2 2 2 2 2 2 2 2 2 1 1 1 
6_7.jpg_garo_final 1 2 1 
6_7.jpg_garo_fillzero 0 0 0 1 2 1 0 0 0 
6_7.jpg_sero 1 1 1 1 2 3 3 3 3 3 3 3 3 3 3 3 2 2 2 2 2 2 2 2 2 2 1 1 1 1 
6_7.jpg_sero_final 1 3 2 1 
6_7.jpg_sero_fillzero 0 0 0 1 3 2 1 0 0 
6_7.jpg_answer 6 //2 5 /0 7 /4 9 ///8 //1 /3 //////////
6_8.jpg_garo 1 1 1 1 1 1 1 1 1 1 1 1 1 1 1 1 1 1 1 1 1 1 1 1 1 1 1 2 2 2 2 2 2 2 2 2 2 2 2 2 2 2 2 2 2 2 2 2 2 2 2 2 2 2 2 2 2 1 1 1 
6_8.jpg_garo_final 1 2 1 
6_8.jpg_garo_fillzero 0 0 0 1 2 1 0 0 0 
6_8.jpg_sero 2 1 1 1 1 2 3 3 3 3 3 3 3 3 3 3 3 3 3 3 3 2 2 2 2 2 2 1 1 1 
6_8.jpg_sero_final 1 3 2 1 
6_8.jpg_sero_fillzero 0 0 0 1 3 2 1 0 0 
6_8.jpg_answer 6 //2 5 /0 7 /4 9 ///8 //1 /3 //////////
7_1.jpg_garo 2 1 1 1 2 2 2 2 2 2 2 2 2 2 2 2 2 2 2 2 2 2 2 2 1 1 1 1 1 1 1 1 1 1 1 1 1 1 1 1 1 1 1 1 1 1 1 1 1 1 1 1 1 1 1 1 1 1 1 1 
7_1.jpg_garo_final 1 2 1 
7_1.jpg_garo_fillzero 0 0 0 1 2 1 0 0 0 
7_1.jpg_sero 1 1 1 1 1 1 1 1 1 1 1 1 1 1 1 1 1 1 1 2 2 2 2 2 2 2 1 1 1 1 
7_1.jpg_sero_final 1 2 1 
7_1.jpg_sero_fillzero 0 0 0 1 2 1 0 0 0 
7_1.jpg_answer 0 7 /2 5 //6 9 //4 /1 ////8 ///3 ///////
7_2.jpg_garo 2 1 1 1 2 2 2 2 2 2 2 2 2 2 2 2 2 2 2 2 2 2 2 2 2 2 1 1 1 1 1 1 1 1 1 1 1 1 1 1 1 1 1 1 1 1 1 1 1 1 1 1 1 1 1 1 1 1 1 1 
7_2.jpg_garo_final 1 2 1 
7_2.jpg_garo_fillzero 0 0 0 1 2 1 0 0 0 
7_2.jpg_sero 2 2 1 1 1 1 1 1 1 1 1 1 1 1 1 1 1 1 1 1 1 1 3 2 2 2 2 1 1 1 
7_2.jpg_sero_final 1 2 1 
7_2.jpg_sero_fillzero 0 0 0 1 2 1 0 0 0 
7_2.jpg_answer 0 7 /2 5 //6 9 //4 /1 ////8 ///3 ///////
7_3.jpg_garo 1 1 1 1 1 2 1 1 1 1 1 1 1 1 1 1 1 1 1 1 1 1 1 1 1 1 1 1 1 1 1 1 1 1 1 1 1 1 1 1 1 1 1 1 1 1 1 1 1 1 1 1 1 1 1 1 1 1 1 1 
7_3.jpg_garo_final 1 
7_3.jpg_garo_fillzero 0 0 0 0 1 0 0 0 0 
7_3.jpg_sero 1 1 1 2 2 2 2 2 2 2 2 2 2 2 2 2 2 2 2 2 2 2 2 1 1 1 1 1 1 1 
7_3.jpg_sero_final 1 2 1 
7_3.jpg_sero_fillzero 0 0 0 1 2 1 0 0 0 
7_3.jpg_answer 0 1 7 /2 5 //6 9 //4 ///8 ///3 //////
7_4.jpg_garo 1 1 1 1 1 2 2 2 1 1 1 1 1 1 1 1 1 1 1 1 1 1 1 1 1 1 1 1 1 1 1 1 1 1 1 1 1 1 1 1 1 1 1 1 1 1 1 1 1 1 1 1 1 1 1 1 1 1 1 1 
7_4.jpg_garo_final 1 
7_4.jpg_garo_fillzero 0 0 0 0 1 0 0 0 0 
7_4.jpg_sero 1 1 1 2 2 2 2 2 2 2 2 2 2 2 2 2 2 2 2 2 2 2 2 2 1 1 1 1 1 1 
7_4.jpg_sero_final 1 2 1 
7_4.jpg_sero_fillzero 0 0 0 1 2 1 0 0 0 
7_4.jpg_answer 0 1 7 /2 5 //6 9 //4 ///8 ///3 //////
7_7.jpg_garo 1 1 1 1 1 1 1 1 1 1 1 1 2 1 1 1 1 2 1 1 1 1 1 1 1 1 1 1 2 1 1 1 1 1 1 1 1 1 1 1 1 1 1 1 1 1 1 1 1 1 1 1 1 1 1 1 1 1 1 1 
7_7.jpg_garo_final 1 
7_7.jpg_garo_fillzero 0 0 0 0 1 0 0 0 0 
7_7.jpg_sero 1 1 1 1 1 1 1 1 1 1 1 1 1 2 1 1 2 1 1 1 1 1 2 1 1 1 1 1 1 1 
7_7.jpg_sero_final 1 
7_7.jpg_sero_fillzero 0 0 0 0 1 0 0 0 0 
7_7.jpg_answer 1 //////0 7 /2 5 //4 6 9 /////8 ///3 ///
7_8.jpg_garo 1 1 1 1 1 1 1 2 3 3 3 2 2 2 3 3 2 2 2 2 3 3 5 5 4 4 4 3 2 4 4 3 5 4 4 4 4 5 4 3 4 5 3 3 2 1 1 1 1 1 2 1 1 1 1 1 1 1 1 1 
7_8.jpg_garo_final 1 2 4 1 
7_8.jpg_garo_fillzero 0 0 1 2 4 1 0 0 0 
7_8.jpg_sero 1 2 3 2 4 3 5 6 7 8 5 5 5 7 6 5 4 4 5 6 4 3 2 2 1 1 1 1 3 4 
7_8.jpg_sero_final 1 
7_8.jpg_sero_fillzero 0 0 0 0 1 0 0 0 0 
7_8.jpg_answer 0 1 7 /2 5 //4 6 9 ///8 ///3 ////
8_1.jpg_garo 1 1 1 1 2 2 2 2 2 2 2 2 2 2 2 2 2 2 2 2 2 2 2 1 1 1 1 1 1 2 2 2 2 2 2 2 2 2 2 2 2 2 2 2 2 2 2 2 2 2 2 2 2 2 2 2 2 1 1 1 
8_1.jpg_garo_final 1 2 1 2 1 
8_1.jpg_garo_fillzero 0 0 1 2 1 2 1 0 0 
8_1.jpg_sero 1 1 1 2 3 3 3 3 4 4 4 4 3 3 3 3 3 3 3 3 3 3 3 3 3 2 2 3 2 1 
8_1.jpg_sero_final 1 3 4 3 1 
8_1.jpg_sero_fillzero 0 0 1 3 4 3 1 0 0 
8_1.jpg_answer 3 ///8 ///////4 6 9 //2 5 /0 7 ////1 ///
8_2.jpg_garo 1 1 1 1 2 2 2 2 2 2 2 2 2 2 2 2 2 2 2 2 2 2 2 2 2 2 2 3 2 1 1 1 2 1 1 1 2 2 3 2 2 2 2 2 2 2 2 2 2 2 2 2 2 2 2 2 1 1 1 1 
8_2.jpg_garo_final 1 2 1 
8_2.jpg_garo_fillzero 0 0 0 1 2 1 0 0 0 
8_2.jpg_sero 1 2 2 3 3 4 4 4 4 4 4 4 4 4 4 4 4 4 4 4 3 3 3 3 3 3 3 4 2 2 
8_2.jpg_sero_final 1 4 3 1 
8_2.jpg_sero_fillzero 0 0 0 1 4 3 1 0 0 
8_2.jpg_answer 6 //2 5 /0 7 8 /4 9 //3 ///1 /////////
8_3.jpg_garo 1 1 1 1 2 2 2 2 2 2 2 2 2 2 2 2 2 2 2 2 1 1 1 1 1 1 1 1 1 2 2 2 2 2 2 2 2 2 2 2 2 2 2 2 2 2 2 2 2 2 2 2 2 2 2 2 1 1 1 1 
8_3.jpg_garo_final 1 2 1 2 1 
8_3.jpg_garo_fillzero 0 0 1 2 1 2 1 0 0 
8_3.jpg_sero 1 1 2 2 2 3 4 4 4 4 4 4 3 3 3 3 3 3 3 3 3 3 3 3 3 2 1 1 1 1 
8_3.jpg_sero_final 1 4 3 1 
8_3.jpg_sero_fillzero 0 0 0 1 4 3 1 0 0 
8_3.jpg_answer 8 ///3 ////6 //2 5 /0 7 /4 9 ///1 //////
8_4.jpg_garo 1 1 1 1 2 2 2 2 2 2 2 2 2 2 2 2 2 2 2 2 2 2 2 2 1 1 1 1 1 1 1 2 2 2 2 2 2 2 2 2 2 2 2 2 2 2 2 2 2 2 2 2 2 2 2 2 1 1 1 1 
8_4.jpg_garo_final 1 2 1 2 1 
8_4.jpg_garo_fillzero 0 0 1 2 1 2 1 0 0 
8_4.jpg_sero 1 1 1 2 3 3 3 3 4 4 4 4 4 4 4 3 3 3 3 3 3 3 3 2 3 3 2 2 1 1 
8_4.jpg_sero_final 1 3 4 3 1 
8_4.jpg_sero_fillzero 0 0 1 3 4 3 1 0 0 
8_4.jpg_answer 3 ///8 ///////4 6 9 //2 5 /0 7 ////1 ///
8_5.jpg_garo 1 1 1 2 2 2 2 2 2 2 2 2 2 2 2 2 2 2 2 2 1 1 1 1 1 2 2 2 2 2 2 2 2 2 2 2 2 2 2 2 2 2 2 2 2 2 2 2 2 2 2 2 2 2 2 2 2 1 1 1 
8_5.jpg_garo_final 1 2 1 2 1 
8_5.jpg_garo_fillzero 0 0 1 2 1 2 1 0 0 
8_5.jpg_sero 1 1 2 3 3 3 4 4 4 4 3 3 3 3 3 3 4 4 4 3 3 3 3 2 2 2 2 1 1 1 
8_5.jpg_sero_final 1 4 3 2 1 
8_5.jpg_sero_fillzero 0 0 1 4 3 2 1 0 0 
8_5.jpg_answer 3 ///8 ///4 6 9 //2 5 /0 7 ////1 ////
8_6.jpg_garo 1 1 1 2 2 2 2 2 3 2 2 2 2 2 2 2 2 2 2 2 2 2 1 1 1 1 1 1 2 2 2 2 2 2 2 2 2 2 2 2 2 2 2 2 2 2 2 2 2 2 2 2 2 2 2 2 2 1 1 1 
8_6.jpg_garo_final 1 2 1 2 1 
8_6.jpg_garo_fillzero 0 0 1 2 1 2 1 0 0 
8_6.jpg_sero 1 2 2 3 3 4 4 4 4 4 3 3 3 3 3 4 4 4 4 5 5 5 5 4 3 3 3 2 2 1 
8_6.jpg_sero_final 1 4 3 4 5 1 
8_6.jpg_sero_fillzero 1 4 3 4 5 1 0 0 0 
8_6.jpg_answer 3 ///8 /9 //2 5 /0 7 /
8_7.jpg_garo 1 1 1 1 1 1 2 2 2 2 2 2 2 1 1 1 1 1 1 1 1 1 1 2 2 2 2 2 2 2 2 2 2 2 2 2 2 2 2 2 2 2 2 2 2 2 2 2 2 2 2 2 2 2 1 1 1 1 1 1 
8_7.jpg_garo_final 1 2 1 2 1 
8_7.jpg_garo_fillzero 0 0 1 2 1 2 1 0 0 
8_7.jpg_sero 3 3 3 2 2 3 4 4 3 3 3 3 3 3 3 3 3 3 2 2 3 3 3 3 3 2 2 2 2 1 
8_7.jpg_sero_final 1 3 2 1 
8_7.jpg_sero_fillzero 0 0 0 1 3 2 1 0 0 
8_7.jpg_answer 8 ///3 6 //2 5 /0 7 /4 9 ///1 ////////
8_8.jpg_garo 1 2 2 2 2 2 2 2 1 1 2 2 2 2 2 1 1 1 1 1 1 1 1 1 1 1 1 1 1 2 2 2 3 3 2 2 2 2 2 2 2 2 2 2 2 2 2 2 2 2 2 2 1 1 1 1 1 1 1 1 
8_8.jpg_garo_final 1 2 1 2 1 
8_8.jpg_garo_fillzero 0 0 1 2 1 2 1 0 0 
8_8.jpg_sero 2 2 2 1 2 2 3 3 2 2 3 3 4 3 3 3 2 4 3 2 3 3 3 3 2 2 1 1 1 1 
8_8.jpg_sero_final 1 3 1 
8_8.jpg_sero_fillzero 0 0 0 1 3 1 0 0 0 
8_8.jpg_answer 8 /2 5 /0 7 /3 6 9 ///1 /4 /////////
9_1.jpg_garo 1 1 1 2 2 2 2 2 2 2 2 2 2 2 2 2 1 2 2 2 1 1 1 1 1 1 1 1 1 1 1 1 1 1 1 1 1 1 1 1 1 1 1 1 1 1 1 1 1 1 1 1 1 1 1 1 1 1 1 1 
9_1.jpg_garo_final 1 2 1 
9_1.jpg_garo_fillzero 0 0 0 1 2 1 0 0 0 
9_1.jpg_sero 1 1 1 1 2 2 2 2 2 2 2 2 2 2 2 2 2 2 3 3 3 3 3 1 1 1 1 1 1 1 
9_1.jpg_sero_final 1 2 3 1 
9_1.jpg_sero_fillzero 0 0 1 2 3 1 0 0 0 
9_1.jpg_answer 9 //2 5 /0 7 /4 6 /////1 /3 /8 /////////
9_2.jpg_garo 1 1 2 1 1 1 2 2 2 2 3 3 3 3 3 3 3 3 3 3 2 2 2 2 1 1 1 1 1 1 1 1 1 1 1 1 1 1 1 1 1 1 1 1 1 1 1 1 1 1 1 1 1 1 1 1 1 1 1 1 
9_2.jpg_garo_final 1 2 3 2 1 
9_2.jpg_garo_fillzero 0 0 1 2 3 2 1 0 0 
9_2.jpg_sero 1 1 1 1 2 2 2 2 2 2 2 2 2 2 2 2 2 2 2 2 2 2 2 2 1 1 2 1 1 1 
9_2.jpg_sero_final 1 2 1 
9_2.jpg_sero_fillzero 0 0 0 1 2 1 0 0 0 
9_2.jpg_answer 0 7 /2 5 /8 /6 9 //3 4 /1 /////////
9_3.jpg_garo 1 1 1 2 2 2 2 2 2 2 2 2 2 2 2 2 3 2 2 2 2 2 1 1 1 1 1 1 1 1 1 1 1 1 1 1 1 1 1 1 1 1 1 1 1 1 1 1 1 1 1 1 1 1 1 1 1 1 1 1 
9_3.jpg_garo_final 1 2 1 
9_3.jpg_garo_fillzero 0 0 0 1 2 1 0 0 0 
9_3.jpg_sero 1 1 1 1 1 2 2 2 2 2 2 2 2 3 3 3 3 3 3 3 3 3 3 1 1 1 1 1 1 1 
9_3.jpg_sero_final 1 2 3 1 
9_3.jpg_sero_fillzero 0 0 1 2 3 1 0 0 0 
9_3.jpg_answer 9 //2 5 /0 7 /4 6 /////1 /3 /8 /////////
9_4.jpg_garo 1 1 1 2 2 2 2 2 2 2 2 2 2 2 2 2 2 2 2 2 2 3 2 2 2 2 1 1 1 1 1 1 1 1 1 1 1 1 1 1 1 1 1 1 1 1 1 1 1 1 1 1 1 1 1 1 1 1 1 1 
9_4.jpg_garo_final 1 2 1 
9_4.jpg_garo_fillzero 0 0 0 1 2 1 0 0 0 
9_4.jpg_sero 1 1 1 1 1 2 2 2 2 2 3 3 3 3 3 3 3 3 3 3 3 2 2 2 1 1 1 1 1 1 
9_4.jpg_sero_final 1 2 3 1 
9_4.jpg_sero_fillzero 0 0 1 2 3 1 0 0 0 
9_4.jpg_answer 9 //2 5 /0 7 /4 6 /////1 /3 /8 /////////
9_5.jpg_garo 1 1 1 2 2 2 2 2 2 2 2 2 2 2 2 2 2 2 2 2 2 1 2 2 2 1 1 1 1 1 1 1 1 1 1 1 1 1 1 1 1 1 1 1 1 1 1 1 1 1 1 1 1 1 1 1 1 1 1 1 
9_5.jpg_garo_final 1 2 1 
9_5.jpg_garo_fillzero 0 0 0 1 2 1 0 0 0 
9_5.jpg_sero 1 1 1 1 2 2 2 2 2 2 2 2 2 2 2 2 2 2 2 2 2 2 3 3 3 2 2 1 1 2 
9_5.jpg_sero_final 1 2 1 
9_5.jpg_sero_fillzero 0 0 0 1 2 1 0 0 0 
9_5.jpg_answer 0 7 /2 5 //6 9 //4 /1 ////8 ///3 ///////
9_6.jpg_garo 1 1 1 2 2 2 2 2 2 2 2 2 2 2 2 2 2 2 2 2 2 2 1 1 2 1 1 1 1 1 1 1 1 1 1 1 1 1 1 1 1 1 1 1 1 1 1 1 1 1 1 1 1 1 1 1 1 1 1 1 
9_6.jpg_garo_final 1 2 1 
9_6.jpg_garo_fillzero 0 0 0 1 2 1 0 0 0 
9_6.jpg_sero 1 1 1 1 2 2 2 2 2 2 2 2 2 2 2 2 3 3 3 2 2 2 2 2 1 1 2 2 2 1 
9_6.jpg_sero_final 1 2 1 
9_6.jpg_sero_fillzero 0 0 0 1 2 1 0 0 0 
9_6.jpg_answer 0 7 /2 5 //6 9 //4 /1 ////8 ///3 ///////
9_7.jpg_garo 1 1 2 2 2 2 1 1 2 2 2 2 2 2 2 2 2 1 1 1 1 2 2 1 1 1 1 1 1 1 1 1 1 1 1 1 1 1 1 1 1 1 1 1 1 1 1 1 1 1 1 1 1 1 1 1 1 1 1 1 
9_7.jpg_garo_final 1 2 1 
9_7.jpg_garo_fillzero 0 0 0 1 2 1 0 0 0 
9_7.jpg_sero 1 1 1 1 1 2 2 2 2 2 2 2 2 2 2 2 2 2 2 2 2 1 1 4 4 1 1 1 1 4 
9_7.jpg_sero_final 1 2 1 
9_7.jpg_sero_fillzero 0 0 0 1 2 1 0 0 0 
9_7.jpg_answer 0 7 /2 5 //6 9 //4 /1 ////8 ///3 ///////
9_8.jpg_garo 1 1 2 1 1 2 2 2 2 2 2 2 2 2 2 1 1 1 1 2 3 1 1 1 1 1 1 1 1 1 1 1 1 1 1 1 1 1 1 1 1 1 1 1 1 1 1 1 1 1 1 1 1 1 1 1 1 1 1 1 
9_8.jpg_garo_final 1 2 1 
9_8.jpg_garo_fillzero 0 0 0 1 2 1 0 0 0 
9_8.jpg_sero 1 1 1 1 1 1 1 2 2 2 2 2 2 2 2 2 2 2 2 2 1 1 1 1 1 1 1 1 3 1 
9_8.jpg_sero_final 1 2 1 
9_8.jpg_sero_fillzero 0 0 0 1 2 1 0 0 0 
9_8.jpg_answer 0 7 /2 5 //6 9 //4 /1 ////8 ///3 ///////
